56 27 10 87 46 83 51 97 76 4 70 3 2 53 76 45 5 65 50 51 45 32 93 58 53 76 69 79 78 81 53 74 61 57 42 45 32 24 77 33 85 75 50 14 
14 94 10 27 25 57 30 71 47 87 51 33 30 2 45 25 26 64 85 80 79 7 51 32 50 82 55 24 48 59 32 57 84 3 44 6 49 81 86 84 12 50 14 35 
41 42 93 97 99 79 84 65 20 78 8 96 98 83 14 17 27 49 81 58 79 51 46 73 6 82 63 76 50 84 49 41 69 1 92 43 73 53 33 9 97 64 18 98 
87 64 8 81 53 34 68 39 2 66 22 62 51 14 98 45 72 6 27 98 38 42 38 45 40 37 48 30 3 95 18 66 59 14 48 72 42 62 22 79 64 20 10 66 
1 66 64 85 14 22 39 51 42 38 54 14 56 61 53 1 96 20 63 40 37 7 0 24 95 25 91 94 70 65 37 70 38 10 47 84 34 71 65 4 22 71 8 53 
47 27 84 79 46 97 13 89 3 68 38 63 29 63 85 9 57 8 41 26 11 40 2 36 83 95 41 22 21 64 78 26 73 31 12 1 80 36 94 59 54 6 19 92 
53 64 15 42 34 2 4 7 95 69 68 35 3 54 30 23 21 72 78 12 64 89 19 72 57 97 46 9 37 36 54 72 59 67 39 99 12 27 57 88 62 66 56 94 
53 26 55 47 61 48 67 6 57 73 15 43 88 81 24 56 91 9 31 41 31 54 63 67 3 7 53 21 74 76 59 9 39 86 16 81 47 72 88 26 47 62 28 72 
93 6 16 5 97 75 12 73 92 8 42 64 88 5 31 55 28 19 69 77 50 75 33 82 48 53 78 17 16 43 59 15 16 30 86 2 75 68 3 99 5 44 17 45 
2 5 23 66 3 91 21 11 15 47 38 16 87 42 69 73 80 16 20 94 55 51 23 5 63 90 31 75 18 94 48 59 95 60 97 71 86 40 24 35 54 61 27 81 
81 45 47 24 68 34 72 33 16 32 88 38 33 89 30 85 58 93 73 77 82 91 13 81 50 84 99 4 26 60 19 9 34 80 65 98 15 87 21 16 29 69 58 49 
20 14 97 9 97 98 33 5 69 26 56 89 28 71 59 35 82 23 83 70 32 72 85 24 29 56 26 43 79 0 52 14 87 31 25 69 2 12 93 16 11 31 26 75 
25 35 26 27 57 23 4 22 54 48 31 92 95 76 27 50 54 69 88 27 17 63 36 45 37 38 36 55 67 63 53 42 34 76 65 70 88 62 10 44 35 41 66 19 
36 57 0 54 78 96 46 24 72 25 36 29 53 54 16 81 15 50 16 25 34 10 73 4 17 31 52 35 98 82 10 28 88 25 2 60 97 44 26 68 96 52 48 3 
87 95 0 66 75 75 98 1 43 47 97 39 85 71 29 51 4 98 0 65 97 26 40 4 98 78 46 15 12 4 8 25 6 36 2 48 33 2 88 81 68 71 60 31 
38 2 42 22 70 83 61 14 67 78 61 23 7 31 24 24 33 36 94 73 14 30 99 19 26 37 92 50 68 96 34 31 54 36 49 31 96 39 30 6 5 26 30 33 
40 63 0 71 3 5 80 77 72 83 45 29 46 30 13 27 26 3 28 58 45 77 48 57 74 6 19 52 30 46 26 26 6 14 76 45 40 16 70 72 93 75 19 73 
56 4 66 43 91 20 98 18 51 97 23 97 51 2 70 5 59 61 47 94 98 83 39 98 46 65 2 63 57 81 40 31 4 40 35 49 27 28 4 1 8 23 35 8 
48 87 6 88 59 8 79 35 91 3 86 8 67 76 27 82 92 21 43 2 5 94 48 48 12 7 92 66 40 82 86 85 0 17 25 32 66 55 23 39 80 10 93 29 
88 96 13 28 71 97 63 41 17 64 25 12 74 90 56 48 32 67 32 90 97 59 24 65 75 87 28 26 15 36 57 59 93 19 34 46 55 4 53 62 9 71 30 11 
88 85 14 15 86 20 97 29 37 39 88 70 61 5 4 43 11 30 64 88 77 26 62 58 50 55 1 48 23 28 33 5 0 51 49 57 30 91 70 99 11 33 60 82 
85 57 66 96 29 68 22 68 49 37 5 44 67 60 30 56 89 94 49 12 36 62 13 75 82 26 6 83 23 2 93 81 46 23 59 35 24 10 92 35 12 93 36 21 
57 9 65 98 38 71 96 9 38 54 32 69 54 68 56 35 23 80 25 96 6 22 72 7 39 16 72 23 56 20 86 93 80 32 25 56 56 78 1 20 94 68 34 73 
17 39 72 64 41 59 33 47 13 49 43 74 67 81 89 38 62 65 1 86 67 89 84 86 51 59 56 60 80 52 70 5 85 27 32 63 74 87 87 13 12 38 8 70 
2 97 78 45 51 1 81 47 14 90 1 52 9 29 24 81 53 66 99 3 35 75 73 27 85 51 76 5 41 19 54 85 25 0 34 93 97 34 82 75 61 21 84 91 
11 35 71 30 95 22 23 54 75 36 3 20 84 98 14 70 46 84 40 74 93 27 34 86 25 95 98 40 33 40 93 50 20 5 6 46 82 16 21 37 85 4 66 21 
75 30 43 48 31 78 56 79 56 69 77 89 35 21 38 68 34 24 4 17 13 89 19 88 44 84 20 69 22 2 78 79 45 70 95 54 85 80 23 32 25 80 66 98 
34 49 31 43 28 44 10 81 53 33 1 38 5 57 89 79 80 23 28 12 63 54 27 98 60 22 20 33 28 59 2 1 18 58 38 53 73 70 14 55 32 98 29 46 
72 2 75 73 5 83 46 59 73 56 35 84 50 30 94 72 86 32 52 85 20 50 1 92 15 82 55 47 39 5 13 87 77 78 45 32 65 34 46 62 66 93 21 45 
69 41 38 65 7 77 49 12 66 40 5 74 80 4 68 35 43 74 35 99 98 8 59 75 38 77 88 74 26 40 70 68 91 84 18 89 5 26 98 10 45 87 17 31 
68 60 46 96 18 45 0 9 51 46 27 32 2 77 31 92 14 9 68 22 6 43 86 28 45 97 43 36 43 44 9 5 26 63 15 87 66 9 8 53 55 0 6 80 
22 84 38 37 29 17 16 92 0 62 93 5 42 94 46 64 60 95 73 20 91 29 50 64 27 16 43 91 61 8 80 67 0 94 51 26 75 57 52 4 73 1 5 18 
62 42 7 94 21 89 98 80 21 66 5 75 43 44 49 87 15 61 25 97 34 1 64 98 58 44 19 98 74 43 28 26 58 74 22 46 28 6 25 79 70 32 29 60 
4 47 43 47 45 69 36 49 50 0 22 70 11 91 98 55 82 45 55 46 9 39 88 50 61 27 27 15 61 98 0 79 97 78 50 70 1 56 49 10 70 3 44 74 
19 3 40 1 38 83 74 46 22 59 82 0 90 97 50 84 73 92 83 6 86 92 91 4 17 76 2 87 16 3 84 68 37 10 42 18 44 73 37 71 67 44 82 98 
45 90 44 17 55 19 5 21 74 68 25 67 98 7 24 86 82 87 79 30 35 51 27 29 9 62 81 22 42 7 79 67 72 10 58 25 82 41 42 5 24 46 43 7 
37 88 7 33 78 66 69 17 95 48 61 64 29 2 87 8 83 44 11 2 19 90 11 90 19 61 8 16 98 7 74 90 33 87 18 24 67 5 52 16 20 87 58 65 
82 72 85 24 55 54 99 74 80 76 95 5 8 99 33 76 83 80 70 68 5 31 98 58 89 99 39 94 39 98 11 24 57 72 73 55 76 22 13 72 27 94 32 13 
14 50 76 0 11 42 56 32 73 59 58 19 7 97 80 49 80 6 92 44 15 63 26 91 36 63 56 11 28 69 11 42 19 99 38 80 63 12 66 26 4 92 41 96 
95 22 98 47 87 63 46 51 99 6 81 19 98 68 30 36 51 34 10 25 19 49 69 13 81 32 15 4 0 83 61 73 4 22 53 81 78 88 20 81 66 53 85 75 
29 38 77 24 91 79 29 51 26 53 7 4 50 16 31 89 57 20 39 97 83 26 91 32 6 52 46 87 40 46 51 13 90 76 53 35 69 44 22 98 6 85 94 1 
1 15 12 44 55 61 25 81 67 63 9 55 58 22 66 32 28 29 38 25 43 79 18 94 25 18 64 42 93 1 96 35 25 76 16 59 63 77 18 48 31 78 63 90 
1 30 23 73 67 89 86 45 25 67 77 54 16 10 65 66 70 58 47 15 83 45 81 48 34 85 56 7 19 44 90 97 89 73 19 79 52 16 0 78 21 72 47 40 
27 79 22 62 92 72 12 58 54 52 82 65 32 52 65 71 30 27 86 70 4 0 11 47 13 93 2 5 83 66 69 85 4 56 1 89 87 56 75 33 77 2 93 30 
