62 57 80 54 50 78 73 78 88 48 37 72 88 72 77 50 46 95 82 96 21 6 70 8 49 40 63 70 61 32 41 57 17 34 20 43 79 77 26 73 16 15 37 7 
20 29 28 87 40 9 47 14 47 86 79 43 95 44 74 59 81 56 60 99 16 10 90 45 55 16 20 5 73 17 44 8 48 47 96 90 76 9 31 7 76 0 72 14 
2 12 91 4 56 20 67 95 9 79 23 7 0 51 26 98 48 24 86 45 5 44 36 56 46 74 62 4 98 48 61 92 73 81 3 82 32 39 18 72 64 59 27 10 
22 78 97 57 94 6 48 79 97 76 76 97 89 76 5 12 14 47 38 73 2 88 83 5 21 84 72 33 96 44 29 20 59 57 34 21 30 53 29 94 95 74 55 6 
19 28 0 92 63 51 70 86 61 1 2 47 61 71 74 76 87 1 16 47 93 83 99 10 91 92 93 60 65 8 73 38 21 63 76 77 92 3 25 56 5 40 61 83 
89 54 14 96 28 32 5 44 61 75 97 20 67 30 6 20 20 9 61 37 75 78 8 19 9 53 47 48 62 40 5 8 55 64 73 58 72 53 72 83 75 0 17 62 
37 87 41 57 11 26 52 32 5 42 0 34 94 76 84 53 77 0 5 56 68 85 23 17 59 44 23 97 52 45 93 40 12 45 35 57 14 92 28 36 85 51 37 57 
4 90 68 41 53 77 87 90 3 52 70 77 49 29 88 62 8 92 32 59 67 71 60 0 43 58 42 67 6 59 22 99 92 17 82 20 16 61 2 78 15 33 61 43 
48 50 6 48 49 84 36 71 16 23 64 20 37 22 19 75 31 12 94 79 28 7 92 45 28 5 32 8 90 55 40 59 40 59 66 73 60 21 29 44 53 71 40 12 
91 43 49 9 42 31 69 22 76 56 67 16 39 8 4 42 50 23 30 49 27 41 0 20 21 93 2 24 70 4 90 83 60 41 92 17 55 64 90 22 94 98 82 3 
99 22 7 63 27 99 34 11 19 2 94 39 18 53 89 56 46 13 81 30 57 72 33 47 17 84 8 10 78 75 0 44 53 4 14 54 30 3 54 49 69 93 90 99 
59 99 38 33 92 72 14 85 92 38 22 60 21 16 59 17 99 73 97 57 27 79 71 34 30 43 7 46 82 54 17 29 63 12 71 2 28 31 28 15 4 99 74 41 
15 54 88 87 83 47 30 71 39 10 65 39 17 74 39 79 91 35 40 4 31 84 22 50 35 4 24 8 6 75 99 14 83 32 73 23 44 14 74 60 97 81 9 0 
12 6 61 98 22 46 80 33 6 70 77 29 17 75 78 95 4 86 52 48 76 57 46 84 73 23 26 33 63 63 45 16 40 47 25 63 80 59 92 95 61 66 71 81 
6 19 77 39 41 43 31 25 30 97 2 48 66 17 91 97 46 9 20 96 69 46 20 20 66 75 84 59 7 9 90 38 6 56 63 34 15 4 20 57 72 66 85 82 
69 65 89 90 67 4 16 6 9 56 31 28 25 68 25 34 91 53 94 97 68 33 28 68 21 22 93 45 66 59 20 29 70 50 74 57 36 52 71 11 75 80 40 27 
7 16 92 33 0 63 64 82 61 84 40 75 47 54 5 18 94 82 88 84 15 80 20 18 19 0 85 93 38 63 92 42 29 77 63 42 13 68 64 35 72 95 42 34 
94 94 45 59 25 68 59 54 95 92 52 63 61 77 64 27 51 80 75 41 56 78 64 2 12 81 62 18 27 5 31 33 73 4 4 93 69 12 94 91 70 90 37 91 
68 32 91 70 29 43 64 46 97 32 46 91 28 65 71 97 78 94 61 82 48 41 39 9 68 90 84 26 63 64 95 46 42 37 54 64 25 37 20 25 72 31 34 89 
19 35 68 41 5 82 60 58 53 2 4 93 3 12 83 14 30 10 43 24 39 9 19 71 1 50 60 36 29 46 19 92 10 65 12 89 25 42 33 58 23 98 17 14 
58 70 58 43 61 45 42 53 21 87 54 64 80 56 89 78 29 82 25 43 70 18 22 59 74 69 30 60 25 68 24 12 55 92 51 18 56 78 33 40 47 16 2 34 
69 72 76 35 24 65 57 19 1 51 40 53 41 5 33 37 98 9 79 3 96 86 96 37 72 32 29 77 23 70 57 10 33 16 89 87 59 61 28 29 80 79 25 36 
31 43 20 12 21 72 92 92 29 41 44 67 97 14 91 43 86 26 40 99 25 66 21 7 72 93 83 77 78 48 41 28 81 76 31 57 86 5 39 80 3 23 24 49 
53 99 33 95 27 64 33 97 87 94 67 11 14 86 30 22 34 36 52 27 84 40 16 10 25 92 93 7 15 6 34 62 91 72 60 15 40 32 57 61 90 35 79 11 
55 17 46 33 4 72 90 25 83 1 22 88 39 72 3 53 31 27 85 48 68 2 52 21 62 96 10 13 19 58 5 3 74 17 42 62 37 40 33 20 31 42 75 30 
20 56 88 85 80 67 27 50 63 19 90 48 38 34 26 71 48 34 82 98 76 54 64 95 38 68 38 81 77 88 1 17 64 34 96 58 54 43 4 66 92 29 96 34 
80 1 57 29 50 9 6 81 57 16 91 1 61 51 2 65 37 64 3 15 15 45 0 53 65 8 39 52 87 72 32 66 18 19 33 50 74 0 39 13 2 40 58 99 
47 24 46 98 47 46 93 56 87 77 86 39 63 95 14 67 54 0 58 59 13 13 27 68 33 50 61 98 82 13 31 52 65 46 89 2 49 94 39 74 30 69 41 8 
6 48 31 25 92 84 88 70 87 72 93 23 8 70 60 24 74 94 86 77 54 72 0 51 52 97 44 9 27 67 10 8 58 97 71 80 73 44 23 54 70 97 13 91 
64 77 11 62 25 55 37 59 53 98 22 13 23 28 94 0 73 93 61 61 32 96 5 76 58 18 92 19 40 11 44 97 80 22 0 50 36 31 74 39 74 58 68 60 
2 65 68 74 19 10 24 43 58 9 90 20 64 2 19 40 53 79 11 55 32 59 85 89 33 63 22 59 96 64 18 57 32 15 43 47 20 90 1 14 88 65 68 7 
57 14 57 25 23 13 99 39 80 35 1 31 29 51 94 26 83 57 81 41 55 99 97 18 54 15 33 79 33 39 4 73 73 50 56 90 28 86 3 15 80 86 55 9 
98 62 85 54 79 65 78 83 39 52 44 78 96 97 34 30 39 22 52 2 14 21 59 59 65 3 0 72 51 89 73 6 4 77 98 54 11 76 36 2 35 57 55 97 
14 96 12 19 25 22 9 88 91 11 0 28 19 66 27 90 77 77 66 32 91 89 58 61 60 36 17 95 58 87 73 55 78 35 61 76 70 83 43 79 85 32 52 44 
30 61 53 94 79 27 62 27 32 50 45 57 52 88 46 36 3 54 17 28 68 14 44 62 81 63 38 3 70 27 67 10 41 67 38 36 81 50 7 97 79 93 73 59 
88 24 32 45 24 95 12 44 42 34 67 44 21 88 50 59 36 48 73 22 92 7 12 16 65 68 20 82 47 6 80 59 39 17 69 93 45 77 22 38 4 59 21 23 
14 86 67 11 27 95 22 87 2 21 25 36 2 27 96 66 8 51 43 31 38 44 95 5 4 67 29 9 17 1 49 66 90 64 46 36 68 18 52 31 55 19 34 61 
87 69 95 42 93 31 19 47 66 84 41 13 40 67 80 59 50 54 97 36 25 97 88 33 62 5 92 1 11 33 50 42 13 56 13 27 10 49 57 84 89 33 61 5 
19 97 79 61 60 91 27 0 40 49 15 96 7 30 28 84 39 26 61 52 66 7 52 27 29 34 37 18 54 72 56 68 64 15 82 64 9 83 44 20 19 77 87 90 
66 4 56 64 56 90 36 82 4 53 57 94 30 29 20 8 54 31 72 11 1 91 82 37 26 19 71 2 96 45 54 95 32 67 29 34 40 25 97 38 6 32 41 3 
25 18 67 15 75 97 65 5 3 28 93 81 69 15 75 79 44 85 4 62 28 93 11 43 65 8 68 2 11 8 27 14 8 30 27 85 35 49 1 46 94 40 79 57 
49 24 47 34 70 50 29 30 31 48 38 96 75 22 19 37 55 44 26 29 71 33 67 80 75 61 80 77 87 42 86 39 67 65 2 28 79 49 54 96 22 80 13 35 
43 28 96 15 90 1 44 56 45 60 95 51 35 77 65 24 42 69 64 31 40 42 26 79 47 45 11 84 88 89 27 48 54 35 12 79 17 34 95 41 39 92 91 49 
95 71 57 97 20 25 9 36 8 86 59 51 42 65 2 16 78 53 73 61 38 29 79 87 5 81 51 80 69 29 67 36 33 58 90 11 71 29 40 98 92 77 28 41 
